ventacasas30
807545789298753
921255664571641
625587830903523
117450205608487
Inmuebla.Ideal
1452980664995539
rodbe
1436297839943804
270933793101309
394238037379125
210862719079767
ventadecasasenchihuahua
1589560057932781
494583453898689
1769792103157997
411101062694679
2229502370620610
223923178253429
873418623570687
2181698618663963
618640304971060
965093017222305
121304171771527
2944358249180255
203753388020446
bolsadetrabajocuu
Bazarsote.original.by.luixdiaz
232776587625643
623026837861207
344759949215723
1469515830039538
104548566749216
BAZARSOTEDECHIHUAHUA
467816310663027
vntschihuahua
291056657659117
168694743743036
482495098893972
943478485765428
1502792500008296
361748050852994
1890900061235186
1421011508071325
1194593517217491
1111907135653955
641771503157011
599639873445970
462008994826589
454927704925620
452136575431935
334948533527141